1.000000000 -0.000000000 0.000000000 0.000000000 -0.000000000 1.000000000 0.000000000 0.000000000 0.000000000 0.000000000 0.999999940 0.000000004
0.999991357 -0.002448838 -0.003351507 -0.003026755 0.002441410 0.999994576 -0.002218490 -0.004927139 0.003356921 0.002210289 0.999991834 0.666456282
0.999971986 -0.001494123 -0.007335832 -0.014291804 0.001468291 0.999992728 -0.003525488 -0.010567124 0.007341047 0.003514619 0.999966800 1.366737366
0.999936938 -0.001208917 -0.011167483 -0.030131428 0.001154342 0.999987304 -0.004892081 -0.012896458 0.011173256 0.004878882 0.999925673 2.068764687
0.999871671 0.000132473 -0.016019920 -0.050810382 -0.000222653 0.999984145 -0.005627605 -0.015386297 0.016018918 0.005630449 0.999855816 2.795842886
0.999788582 -0.000635085 -0.020553324 -0.066069439 0.000518140 0.999983668 -0.005694658 -0.029345034 0.020556603 0.005682804 0.999772608 3.532748699
0.999685049 0.001101961 -0.025072301 -0.091214374 -0.001277429 0.999974787 -0.006983545 -0.033690210 0.025063975 0.007013373 0.999661148 4.288048267
0.999551415 0.003823355 -0.029705681 -0.124018356 -0.004051487 0.999962747 -0.007623347 -0.043750901 0.029675428 0.007740278 0.999529541 5.046928406
0.999422073 0.004088186 -0.033745743 -0.160955817 -0.004293947 0.999972582 -0.006027152 -0.052567005 0.033720173 0.006168573 0.999412239 5.826766491
0.999256253 0.003520269 -0.038402602 -0.194136724 -0.003654513 0.999987364 -0.003426051 -0.058850199 0.038390063 0.003563845 0.999256492 6.628167629
0.999138832 0.003260558 -0.041365568 -0.237604514 -0.003294876 0.999994218 -0.000761481 -0.065698028 0.041362852 0.000897119 0.999143720 7.430624485
0.999013126 0.004952164 -0.044138763 -0.288178593 -0.005033453 0.999985814 -0.001730730 -0.073381975 0.044129562 0.001951193 0.999023855 8.249062538
0.998926878 0.004454141 -0.046102457 -0.334903061 -0.004548927 0.999987662 -0.001951273 -0.079261236 0.046093199 0.002158896 0.998934746 9.069128990
0.998851955 0.001849643 -0.047870222 -0.377562225 -0.001973932 0.999994814 -0.002549221 -0.086462416 0.047865260 0.002640787 0.998850286 9.897334099
0.998741806 0.001474599 -0.050127067 -0.419759542 -0.001558534 0.999997377 -0.001635393 -0.096551165 0.050124526 0.001711461 0.998741448 10.739522934
0.998656094 -0.000076203 -0.051826797 -0.464215755 -0.000027518 0.999997973 -0.002000595 -0.104027137 0.051826838 0.001999333 0.998654068 11.590429306
0.998567164 0.001987727 -0.053475704 -0.518240094 -0.002214355 0.999988794 -0.004179047 -0.114262186 0.053466797 0.004291473 0.998560250 12.450151443
0.998501182 0.003240009 -0.054633722 -0.579191685 -0.003633355 0.999968171 -0.007101913 -0.124346308 0.054608975 0.007289771 0.998481214 13.309473038
0.998392045 0.007040609 -0.056246724 -0.639004529 -0.007535452 0.999934673 -0.008590478 -0.138231888 0.056182567 0.009000507 0.998380005 14.185107231
0.998328745 0.008436457 -0.057170939 -0.697221160 -0.008919348 0.999926627 -0.008196535 -0.153137401 0.057097573 0.008692764 0.998330712 15.061811447
0.998251557 0.007440801 -0.058638413 -0.752157331 -0.007848039 0.999946654 -0.006717660 -0.166280791 0.058585282 0.007166112 0.998256683 15.956541061
0.998186111 0.008321242 -0.059625354 -0.815597832 -0.008637557 0.999949992 -0.005049283 -0.180072233 0.059580348 0.005555141 0.998207986 16.851976395
0.998119175 0.007397186 -0.060855273 -0.865220129 -0.007704042 0.999958873 -0.004809298 -0.196930408 0.060817186 0.005269084 0.998134971 17.736831665
0.998015046 0.007413056 -0.062537201 -0.925005078 -0.007791483 0.999952793 -0.005809519 -0.206955045 0.062491186 0.006285246 0.998025715 18.643432617
0.997965574 0.005757620 -0.063494310 -0.986507773 -0.006170096 0.999961078 -0.006302116 -0.223339558 0.063455559 0.006681062 0.997962296 19.562696457
0.997923315 0.005710234 -0.064158678 -1.043632030 -0.006016057 0.999971449 -0.004574480 -0.236924499 0.064130731 0.004950963 0.997929215 20.464746475
0.997909367 0.006905084 -0.064259417 -1.109492898 -0.007008640 0.999974549 -0.001386243 -0.244909391 0.064248204 0.001833715 0.997932255 21.386554718
0.997957885 0.007664920 -0.063414209 -1.171166301 -0.007507754 0.999968112 0.002716337 -0.260437220 0.063432999 -0.002234692 0.997983634 22.315652847
0.998077333 0.005769477 -0.061711662 -1.225254536 -0.005418431 0.999968112 0.005854300 -0.271248281 0.061743479 -0.005508664 0.998076737 23.247558594
0.998172283 0.005985036 -0.060135785 -1.285739541 -0.005594783 0.999962151 0.006655785 -0.275887966 0.060173355 -0.006307173 0.998167992 24.186948776
0.998257399 0.006517920 -0.058648791 -1.346135736 -0.006314024 0.999973416 0.003661183 -0.280297846 0.058671094 -0.003284494 0.998271942 25.123971939
0.998304725 0.007169637 -0.057761837 -1.402361274 -0.007247518 0.999973059 -0.001138944 -0.289051086 0.057752114 0.001555642 0.998329699 26.066120148
0.998397708 0.006198138 -0.056247577 -1.462953091 -0.006431615 0.999971330 -0.003970798 -0.298068911 0.056221358 0.004326197 0.998408914 27.011199951
0.998446524 0.003911552 -0.055582292 -1.517834425 -0.004077719 0.999987602 -0.002876467 -0.307526767 0.055570345 0.003098647 0.998449922 27.975629807
0.998429298 0.001945927 -0.055992302 -1.565848112 -0.001833661 0.999996126 0.002056321 -0.319112271 0.055996094 -0.001950420 0.998429060 28.941810608
0.998376250 -0.001779380 -0.056934364 -1.619877338 0.002078453 0.999984264 0.005194141 -0.325425267 0.056924231 -0.005304043 0.998364389 29.915874481
0.998268545 -0.009291124 -0.058081515 -1.669451833 0.009576135 0.999943435 0.004630685 -0.332469165 0.058035206 -0.005178865 0.998301029 30.894832611
0.998166621 -0.011362697 -0.059449956 -1.720535278 0.011430407 0.999934375 0.000798967 -0.339285821 0.059436962 -0.001477039 0.998230934 31.865270615
0.998089433 -0.010985617 -0.060800735 -1.785966635 0.010809954 0.999936402 -0.003217339 -0.345033199 0.060832206 0.002553939 0.998144686 32.840816498
0.998013258 -0.009850594 -0.062228467 -1.868393540 0.009627496 0.999946117 -0.003884001 -0.355948746 0.062263362 0.003277181 0.998054326 33.821319580
0.997928083 -0.009926170 -0.063568369 -1.913105249 0.009804377 0.999949455 -0.002227601 -0.374215901 0.063587263 0.001599737 0.997974992 34.798873901
0.997867942 -0.006897889 -0.064900063 -1.982705712 0.006943313 0.999975801 0.000474385 -0.386408031 0.064895228 -0.000923996 0.997891605 35.796596527
0.997784138 -0.007166666 -0.066148095 -2.048609495 0.007320279 0.999971032 0.002080111 -0.399638951 0.066131249 -0.002559723 0.997807622 36.777870178
0.997722328 -0.005912222 -0.067195423 -2.118663549 0.006226002 0.999970675 0.004461184 -0.404755354 0.067167066 -0.004869381 0.997729838 37.756507874
0.997743428 -0.006134970 -0.066861138 -2.185797215 0.006660461 0.999948680 0.007639379 -0.414363980 0.066810839 -0.008067469 0.997732997 38.748912811
0.997719944 -0.000135015 -0.067489855 -2.261909485 0.000783507 0.999953806 0.009582376 -0.413282275 0.067485452 -0.009613409 0.997673869 39.736057281
0.997710705 0.000005648 -0.067626983 -2.341573715 0.000606347 0.999959052 0.009029053 -0.419157386 0.067624249 -0.009049387 0.997669756 40.734508514
0.997708857 -0.000471710 -0.067653969 -2.402415276 0.000987809 0.999970615 0.007595264 -0.423632562 0.067648396 -0.007644691 0.997679830 41.729625702
0.997715890 0.001941149 -0.067523986 -2.483698368 -0.001608829 0.999986231 0.004975541 -0.423898160 0.067532696 -0.004855542 0.997705162 42.724613190
0.997669935 0.001422837 -0.068209492 -2.558783293 -0.001068362 0.999985695 0.005233050 -0.431483388 0.068215966 -0.005147986 0.997657180 43.695777893
0.997575045 -0.000753054 -0.069594264 -2.621567011 0.001218840 0.999977171 0.006650657 -0.443293154 0.069587670 -0.006719354 0.997553170 44.688068390
0.997530401 -0.000288188 -0.070234947 -2.693050623 0.000835614 0.999969542 0.007764948 -0.449699253 0.070230544 -0.007804461 0.997500181 45.668949127
0.997520983 0.002453663 -0.070326760 -2.770650625 -0.002144386 0.999987662 0.004472892 -0.465889990 0.070336848 -0.004310995 0.997513950 46.634929657
0.997439086 0.003041232 -0.071456075 -2.848170757 -0.003053251 0.999995351 -0.000058964 -0.470539153 0.071455561 0.000276987 0.997443676 47.600387573
0.997375965 0.003579299 -0.072307020 -2.908194780 -0.003679584 0.999992490 -0.001253775 -0.477393508 0.072301976 0.001516546 0.997381568 48.569450378
0.997371674 0.002611184 -0.072408497 -2.981778145 -0.002440737 0.999994099 0.002442346 -0.490963727 0.072414443 -0.002259196 0.997372031 49.550876617
0.997363806 0.000540887 -0.072561793 -3.053578615 -0.000156171 0.999985874 0.005307490 -0.499912500 0.072563633 -0.005282165 0.997349799 50.515617371
0.997338414 -0.001731749 -0.072891124 -3.116872311 0.002183751 0.999978840 0.006121819 -0.508673072 0.072878972 -0.006264700 0.997321069 51.466903687
0.997282863 -0.005133639 -0.073487349 -3.183469057 0.005515888 0.999972284 0.004999555 -0.517591059 0.073459648 -0.005391317 0.997283578 52.426944733
0.997256398 -0.008126482 -0.073577844 -3.253676891 0.008439100 0.999956608 0.003938869 -0.529144764 0.073542647 -0.004548992 0.997281671 53.374832153
0.997167587 -0.009451970 -0.074615918 -3.325979233 0.009843560 0.999939620 0.004882033 -0.536106944 0.074565277 -0.005602691 0.997200310 54.330913544
0.997043610 -0.012881730 -0.075750925 -3.397166491 0.013606713 0.999866366 0.009062309 -0.541251242 0.075624056 -0.010066239 0.997085571 55.279125214
0.996988237 -0.013282684 -0.076406360 -3.464550018 0.014405151 0.999795914 0.014158443 -0.545896590 0.076202713 -0.015216446 0.996976137 56.218444824
0.996992469 -0.011451171 -0.076647155 -3.547953129 0.012707642 0.999792457 0.015925338 -0.541802347 0.076448873 -0.016851448 0.996931016 57.164764404
0.996878147 -0.010368684 -0.078271970 -3.621747494 0.011346767 0.999862850 0.012061561 -0.545086026 0.078136176 -0.012912041 0.996858954 58.099605560
0.996798873 -0.008518729 -0.079495676 -3.699278355 0.008902170 0.999950349 0.004470277 -0.551244020 0.079453640 -0.005163652 0.996825099 59.001609802
0.996722400 -0.006968569 -0.080597095 -3.774180174 0.006971407 0.999975681 -0.000246178 -0.562587202 0.080596842 -0.000316504 0.996746659 59.921516418
0.996710956 -0.001766632 -0.081018843 -3.863380909 0.001827751 0.999998212 0.000680248 -0.573169947 0.081017479 -0.000826093 0.996712267 60.819496155
0.996576250 0.000799170 -0.082674868 -3.943831444 -0.000541416 0.999994934 0.003140061 -0.587388754 0.082676955 -0.003084549 0.996571541 61.721179962
0.996492207 0.003484278 -0.083612897 -4.020880699 -0.003136018 0.999985814 0.004296114 -0.597426176 0.083626688 -0.004018833 0.996488988 62.603977203
0.996381998 0.004043851 -0.084891446 -4.097428799 -0.003721966 0.999985158 0.003949649 -0.604800940 0.084906168 -0.003619395 0.996382356 63.471652985
0.996250391 0.005679375 -0.086330637 -4.177958012 -0.005264895 0.999973416 0.005028026 -0.616041303 0.086356916 -0.004554649 0.996253848 64.322364807
0.996119320 0.006930258 -0.087740481 -4.257602692 -0.006473648 0.999963939 0.005487577 -0.626196742 0.087775357 -0.004898280 0.996128261 65.162155151
0.995998740 0.006283986 -0.089145221 -4.329051018 -0.005757985 0.999964476 0.006156422 -0.638604164 0.089180745 -0.005618492 0.995999575 65.976425171
0.995904386 0.005930822 -0.090218194 -4.403731823 -0.005302558 0.999960065 0.007201916 -0.644765973 0.090257317 -0.006694032 0.995895922 66.779983521
0.995752633 0.008837640 -0.091643162 -4.482346535 -0.007966357 0.999919593 0.009868801 -0.650390267 0.091723002 -0.009096821 0.995742977 67.579612732
0.995616674 0.010537913 -0.092930838 -4.562346935 -0.009280022 0.999859571 0.013957564 -0.655401528 0.093064852 -0.013033983 0.995574832 68.370262146
0.995436847 0.013463920 -0.094468161 -4.647871971 -0.012041510 0.999805629 0.015610952 -0.657222748 0.094659984 -0.014402180 0.995405376 69.152420044
0.995257974 0.016370689 -0.095882893 -4.726529598 -0.015335246 0.999815941 0.011526043 -0.663644195 0.096053936 -0.010000998 0.995325863 69.901123047
0.995109677 0.016209424 -0.097437002 -4.795671463 -0.015866080 0.999864757 0.004297624 -0.674090385 0.097493500 -0.002730664 0.995232344 70.623908997
0.994975805 0.015642723 -0.098885939 -4.868946075 -0.015866220 0.999873161 -0.001474148 -0.681240797 0.098850325 0.003035689 0.995097578 71.331817627
0.994913757 0.016355505 -0.099393949 -4.942850113 -0.016720628 0.999856174 -0.002841514 -0.684740186 0.099333182 0.004488991 0.995044053 72.024055481
0.994818270 0.018878348 -0.099901214 -5.021844864 -0.018907081 0.999821007 0.000659200 -0.692929745 0.099895783 0.001233056 0.994997084 72.699707031
0.994670689 0.019466033 -0.101248764 -5.093538284 -0.019257028 0.999809921 0.003041335 -0.711962044 0.101288721 -0.001075376 0.994856417 73.350097656
0.994627297 0.016201045 -0.102246009 -5.157209396 -0.016299030 0.999867201 -0.000122890 -0.724787772 0.102230445 0.001788740 0.994759083 73.981468201
0.994722486 0.007922121 -0.102296181 -5.208138466 -0.008510653 0.999949694 -0.005318061 -0.737175584 0.102248892 0.006160602 0.994739711 74.593948364
0.994863689 0.003938930 -0.101148658 -5.265629292 -0.004992121 0.999935925 -0.010161302 -0.744890332 0.101102136 0.010614054 0.994819343 75.192481995
0.995132864 0.006025065 -0.098358579 -5.319762230 -0.007091060 0.999919891 -0.010491883 -0.756457746 0.098287463 0.011138285 0.995095730 75.773712158
0.995488226 0.011239582 -0.094216913 -5.382457733 -0.011987217 0.999900937 -0.007373031 -0.771437168 0.094124705 0.008469166 0.995524347 76.347450256
0.995939970 0.009649079 -0.089501373 -5.433622837 -0.010077963 0.999939799 -0.004341254 -0.780945539 0.089454085 0.005225621 0.995977163 76.904365540
0.996479154 0.006135048 -0.083616398 -5.472131252 -0.006190074 0.999980748 -0.000398845 -0.787060201 0.083612345 0.000915032 0.996497929 77.448020935
0.997138262 0.001537038 -0.075583391 -5.498084545 -0.001293149 0.999993742 0.003275584 -0.804233611 0.075587966 -0.003168470 0.997134089 77.975006104
0.997864842 0.005154028 -0.065109484 -5.526792526 -0.004964836 0.999982953 0.003067210 -0.811312318 0.065124199 -0.002737404 0.997873366 78.491424561
0.998697340 0.010299920 -0.049977880 -5.554802895 -0.010183175 0.999944806 0.002589985 -0.817988157 0.050001793 -0.002077678 0.998746932 78.996322632
0.999372065 0.015298670 -0.031960614 -5.567904472 -0.015208104 0.999879658 0.003074839 -0.823437095 0.032003801 -0.002586849 0.999484360 79.493080139
0.999856293 0.014014256 -0.009555962 -5.562572479 -0.013979455 0.999895453 0.003699003 -0.830458462 0.009606794 -0.003564884 0.999947488 79.970405579
0.999809504 0.010526350 0.016437221 -5.529082298 -0.010600396 0.999933958 0.004424145 -0.834800184 -0.016389567 -0.004597542 0.999855101 80.422676086
0.998902202 0.009409056 0.045890115 -5.483536720 -0.009704330 0.999933541 0.006215799 -0.845508397 -0.045828585 -0.006654308 0.998927116 80.877952576
0.996862352 0.008953166 0.078646913 -5.423455238 -0.009607765 0.999922216 0.007948804 -0.855941713 -0.078569621 -0.008679485 0.996870875 81.325584412
0.993159294 0.009092789 0.116413109 -5.350751877 -0.010072001 0.999918580 0.007826016 -0.851870298 -0.116332486 -0.008944994 0.993170083 81.769577026
0.987400591 0.008895610 0.157990500 -5.263409615 -0.010302476 0.999914229 0.008087974 -0.860849917 -0.157904997 -0.009613761 0.987407506 82.170936584
0.979079962 0.008608624 0.203294143 -5.149602890 -0.010463879 0.999912918 0.008052854 -0.866760552 -0.203207090 -0.010011630 0.979084551 82.588745117
0.967587829 0.010831612 0.252302140 -5.016607285 -0.012699170 0.999902725 0.005774840 -0.872797608 -0.252215058 -0.008791693 0.967631221 82.990989685
0.952125371 0.011957582 0.305474043 -4.863965988 -0.013539407 0.999903619 0.003060100 -0.880724847 -0.305408001 -0.007049536 0.952195466 83.375045776
0.932394445 0.012469992 0.361227304 -4.684087753 -0.013639159 0.999906778 0.000687229 -0.883131683 -0.361185014 -0.005567605 0.932477593 83.743232727
0.908307731 0.012168925 0.418125570 -4.493978500 -0.013039825 0.999914706 -0.000774201 -0.894665718 -0.418099254 -0.004749071 0.908388853 84.067367554
0.879186749 0.012654514 0.476309210 -4.275646210 -0.012753839 0.999914110 -0.003024128 -0.896242559 -0.476306528 -0.003415997 0.879272580 84.396423340
0.846022904 0.011437608 0.533023953 -4.030246735 -0.010167843 0.999934196 -0.005318014 -0.902279079 -0.533049703 -0.000920543 0.846083403 84.694778442
0.808955312 0.010929872 0.587768495 -3.770904541 -0.008874676 0.999940336 -0.006380068 -0.912241757 -0.587803006 -0.000055064 0.809004068 84.988525391
0.769019127 0.009908670 0.639148951 -3.491867065 -0.007931751 0.999950767 -0.005958728 -0.916861773 -0.639176488 -0.000487194 0.769059956 85.260131836
0.727034867 0.008726029 0.686545014 -3.202133179 -0.009243390 0.999952972 -0.002920933 -0.932504058 -0.686538339 -0.004222383 0.727081418 85.494667053
0.683217883 0.007531485 0.730175734 -2.898082733 -0.007933948 0.999964297 -0.002890541 -0.936518788 -0.730171502 -0.003818306 0.683253229 85.691909790
0.636642098 0.006254774 0.771134138 -2.578430176 -0.004813374 0.999979734 -0.004137092 -0.942929745 -0.771144390 -0.001077909 0.636659384 85.898300171
0.589693666 0.003805235 0.807617962 -2.245967865 0.000825370 0.999985516 -0.005314267 -0.947535694 -0.807626605 0.003800376 0.589681983 86.083694458
0.543637156 0.005881525 0.839299798 -1.904975891 -0.001570523 0.999980867 -0.005990254 -0.960134864 -0.839318871 0.001938385 0.543635845 86.248382568
0.495586395 0.008841488 0.868513703 -1.575962067 -0.005072681 0.999960661 -0.007285076 -0.967306077 -0.868543923 -0.000795309 0.495611608 86.415496826
0.450335741 0.010864086 0.892793179 -1.233375549 -0.005684632 0.999940574 -0.009300530 -0.975357413 -0.892841220 -0.000886840 0.450370729 86.549270630
0.406796455 0.008122685 0.913482666 -0.878208160 0.000865912 0.999956489 -0.009277219 -0.988201380 -0.913518250 0.004564936 0.406771749 86.678031921
0.367376834 0.000387181 0.930072129 -0.509479523 0.015800416 0.999852836 -0.006657364 -0.992309630 -0.929937899 0.017141286 0.367316693 86.763946533
0.332132339 -0.003319626 0.943226993 -0.139610291 0.020320114 0.999786854 -0.003636503 -0.994638324 -0.943013847 0.020374278 0.332129002 86.854660034
0.298980862 0.000979390 0.954258621 0.226890564 0.017307963 0.999829412 -0.006448956 -1.001676559 -0.954102039 0.018444389 0.298912883 86.951728821
0.267958701 0.008086883 0.963396549 0.591312408 0.006876578 0.999923170 -0.010306139 -1.016998768 -0.963405788 0.009386490 0.267882466 87.052055359
0.239065379 0.013183862 0.970914006 0.982767105 0.001380003 0.999902248 -0.013917282 -1.028053641 -0.971002400 0.004667005 0.239023805 87.147987366
0.213278979 0.014772399 0.976879716 1.373119354 0.002814792 0.999872208 -0.015734635 -1.041730046 -0.976987243 0.006105579 0.213210121 87.213005066
0.189574137 0.016319800 0.981730819 1.782724380 0.009973823 0.999778211 -0.018545777 -1.049742222 -0.981815636 0.013307406 0.189369291 87.271118164
0.169822186 0.022266589 0.985223174 2.194643021 0.016742203 0.999535263 -0.025475893 -1.053359628 -0.985332429 0.020821175 0.169370472 87.308677673
0.150044084 0.029307634 0.988244832 2.618457794 0.018804189 0.999295056 -0.032490354 -1.049000025 -0.988500476 0.023458127 0.149387211 87.361526489
0.132447720 0.029804202 0.990741849 3.056429863 0.016421922 0.999344587 -0.032258365 -1.062876701 -0.991053879 0.020542428 0.131871462 87.414871216
0.117100701 0.025498249 0.992792726 3.517831802 0.014332240 0.999522805 -0.027361600 -1.086460590 -0.993016601 0.017433006 0.116679400 87.463386536
0.102494784 0.022399250 0.994481325 3.993111610 0.014424333 0.999607801 -0.024001339 -1.104149699 -0.994628847 0.016804742 0.102131501 87.507965088
0.089451715 0.019911995 0.995791972 4.476284027 0.016931120 0.999625266 -0.021509558 -1.118549466 -0.995847225 0.018783946 0.089081049 87.538200378
0.077683792 0.019054582 0.996795893 4.969299316 0.020387124 0.999577820 -0.020696603 -1.134127975 -0.996769547 0.021929594 0.077262521 87.563743591
0.067290187 0.019730924 0.997538328 5.488308907 0.023366401 0.999498963 -0.021345917 -1.149591684 -0.997459829 0.024745252 0.066795424 87.596672058
0.059792832 0.020400941 0.998002350 6.021399498 0.025676887 0.999428868 -0.021968473 -1.159253836 -0.997880518 0.026939154 0.059234850 87.612915039
0.054262426 0.020728361 0.998311639 6.571343899 0.027532920 0.999373376 -0.022246936 -1.173353910 -0.998147070 0.028693607 0.053657714 87.637542725
0.048485786 0.021652583 0.998589158 7.135137558 0.029052708 0.999311447 -0.023078876 -1.190228820 -0.998401284 0.030130723 0.047823340 87.664207458
0.042660799 0.022407344 0.998838305 7.724194050 0.029233698 0.999292374 -0.023666110 -1.204750776 -0.998661697 0.030209349 0.041975562 87.683937073
0.038230490 0.022301415 0.999020040 8.327297211 0.031738050 0.999219358 -0.023520416 -1.221632600 -0.998764753 0.032606144 0.037492845 87.702209473
0.035327781 0.022384906 0.999125063 8.946947098 0.033266861 0.999168754 -0.023562161 -1.239064455 -0.998822033 0.034070149 0.034553733 87.720680237
0.032142919 0.021916637 0.999242902 9.585201263 0.034186605 0.999150455 -0.023014294 -1.256612062 -0.998898447 0.034900468 0.031366352 87.739181519
0.029783631 0.021110209 0.999333382 10.240808487 0.036111537 0.999101460 -0.022181563 -1.276846528 -0.998903811 0.036748115 0.028994547 87.757453918
0.029211814 0.020724867 0.999358475 10.918451309 0.040879440 0.998923719 -0.021910787 -1.294909239 -0.998736978 0.041493274 0.028333154 87.769325256
0.030293971 0.020499432 0.999330759 11.613663673 0.043929365 0.998796225 -0.021820154 -1.310713887 -0.998575211 0.044560980 0.029356981 87.786193848
0.032803264 0.020466087 0.999252260 12.317274094 0.045745559 0.998711646 -0.021956744 -1.327212453 -0.998414338 0.046431608 0.031824771 87.806724548
0.036393281 0.020265071 0.999132037 13.043972969 0.048141487 0.998598158 -0.022007786 -1.348696470 -0.998177290 0.048900634 0.035366673 87.835784912
0.040916789 0.019759275 0.998967171 13.781030655 0.048665892 0.998578429 -0.021744896 -1.370807528 -0.997976661 0.049505368 0.039897017 87.862655640
0.044586569 0.018222507 0.998839319 14.532457352 0.050091822 0.998535216 -0.020452971 -1.388673186 -0.997748852 0.050945610 0.043608453 87.903343201
0.048534039 0.016504256 0.998685241 15.305632591 0.050051905 0.998567224 -0.018934723 -1.408989429 -0.997566760 0.050905079 0.047638424 87.947052002
0.052797895 0.014638595 0.998497963 16.092433929 0.047029059 0.998746693 -0.017129015 -1.424806356 -0.997497201 0.047862791 0.052043274 87.995941162
0.056635775 0.013626582 0.998301923 16.882707596 0.045851011 0.998816371 -0.016234830 -1.444900990 -0.997341454 0.046692628 0.055943944 88.042907715
0.060785085 0.014697186 0.998042703 17.684850693 0.043257236 0.998913348 -0.017344564 -1.463618517 -0.997213125 0.044226866 0.060083278 88.101013184
0.063811086 0.018489577 0.997790694 18.482194901 0.040925063 0.998938799 -0.021128111 -1.492490053 -0.997122586 0.042182855 0.062986679 88.156509399
0.065270871 0.023819949 0.997583210 19.279880524 0.034899805 0.999048948 -0.026138406 -1.518302560 -0.997257054 0.036521528 0.064377479 88.219627380
0.065136828 0.026968867 0.997511864 20.109481812 0.032483526 0.999047756 -0.029131535 -1.542658448 -0.997347474 0.034300242 0.064198740 88.281265259
0.065028884 0.026838081 0.997522414 20.919481277 0.030354083 0.999122441 -0.028859925 -1.568035841 -0.997421563 0.032155614 0.064157151 88.347778320
0.065107249 0.024874583 0.997568250 21.728710175 0.027590839 0.999262154 -0.026717566 -1.601549864 -0.997496724 0.029263258 0.064372897 88.403564453
0.064616829 0.023885647 0.997624218 22.564130783 0.028072570 0.999274373 -0.025743430 -1.634364367 -0.997515142 0.029669341 0.063899405 88.466415405
0.065129362 0.022569088 0.997621596 23.387586594 0.025493389 0.999380410 -0.024273198 -1.674979925 -0.997551024 0.027013652 0.064513624 88.528045654
0.065187499 0.022932429 0.997609556 24.201814651 0.023759872 0.999416888 -0.024526529 -1.705062866 -0.997590005 0.025301894 0.064604610 88.589950562
0.065492257 0.023612846 0.997573614 25.016494751 0.020728674 0.999472022 -0.025018649 -1.734587789 -0.997637630 0.022316901 0.064968199 88.646850586
0.064258195 0.024796076 0.997625291 25.821147919 0.017755769 0.999504566 -0.025986457 -1.769555330 -0.997775257 0.019383444 0.063786097 88.706687927
0.061027270 0.024615504 0.997832537 26.647544861 0.015452229 0.999552727 -0.025602996 -1.796239138 -0.998016477 0.016981216 0.060619604 88.768684387
0.057233218 0.023425508 0.998085976 27.458343506 0.012908498 0.999623716 -0.024201814 -1.826212049 -0.998277366 0.014268935 0.056909297 88.821090698
0.051967327 0.020543620 0.998437464 28.271915436 0.011070546 0.999715090 -0.021146115 -1.860369682 -0.998587489 0.012152152 0.051725082 88.872421265
0.046437133 0.018896390 0.998742402 29.086994171 0.009317461 0.999769390 -0.019349040 -1.882528186 -0.998877704 0.010204257 0.046250347 88.906288147
0.038746115 0.019266844 0.999063313 29.890949249 0.008936025 0.999767482 -0.019626983 -1.908651114 -0.999209166 0.009688124 0.038564928 88.940635681
0.030232623 0.020158192 0.999339640 30.697397232 0.008351364 0.999756634 -0.020419253 -1.937160730 -0.999507904 0.008963175 0.030056918 88.963050842
0.020201810 0.020440167 0.999586940 31.496171951 0.008896198 0.999747753 -0.020623250 -1.965792656 -0.999756336 0.009309150 0.020014873 88.979797363
0.010068197 0.019294824 0.999763072 32.297393799 0.010040270 0.999761522 -0.019395906 -1.993557215 -0.999898911 0.010233170 0.009872068 88.986450195
-0.000712881 0.018502969 0.999828517 33.087303162 0.009157294 0.999786973 -0.018495671 -2.019987822 -0.999957740 0.009142539 -0.000882167 88.984313965
-0.011946925 0.017771654 0.999770761 33.881481171 0.010748309 0.999786556 -0.017643495 -2.042686224 -0.999870777 0.010535061 -0.012135391 88.972541809
-0.022873115 0.017983980 0.999576688 34.663848877 0.010744243 0.999784827 -0.017741872 -2.068361521 -0.999680638 0.010333882 -0.023061417 88.951507568
-0.033825561 0.018891172 0.999249160 35.439300537 0.011182292 0.999765933 -0.018522412 -2.093261003 -0.999365270 0.010547366 -0.034028891 88.922752380
-0.044273831 0.019764315 0.998823941 36.211296082 0.010515574 0.999758124 -0.019316684 -2.121808052 -0.998964131 0.009647983 -0.044470951 88.884559631
-0.054952607 0.020913804 0.998269916 36.992584229 0.010929729 0.999733329 -0.020342803 -2.144486666 -0.998429120 0.009792929 -0.055166535 88.849800110
-0.064337380 0.021756316 0.997691035 37.752773285 0.011987183 0.999707043 -0.021027273 -2.168215513 -0.997856140 0.010606663 -0.064579330 88.795372009
-0.074178800 0.021979034 0.997002661 38.505756378 0.012090148 0.999703467 -0.021139044 -2.196648121 -0.997171640 0.010485841 -0.074422538 88.738708496
-0.083475135 0.022556838 0.996254623 39.264331818 0.013494594 0.999677658 -0.021503644 -2.219313145 -0.996418417 0.011649030 -0.083752632 88.679626465
-0.092045657 0.021947751 0.995512784 39.997085571 0.014677786 0.999678433 -0.020682465 -2.244786263 -0.995646536 0.012708195 -0.092338204 88.607299805
-0.099601731 0.020730238 0.994811416 40.730369568 0.016242519 0.999683738 -0.019205548 -2.272358418 -0.994894743 0.014245338 -0.099906921 88.535896301
-0.104559109 0.019155215 0.994334161 41.439476013 0.019265918 0.999665976 -0.017232019 -2.299444675 -0.994331956 0.017354995 -0.104893208 88.447059631
-0.108016275 0.017704099 0.993991494 42.157932281 0.022149414 0.999635994 -0.015397679 -2.319002151 -0.993902266 0.020353125 -0.108369105 88.360229492
-0.110799760 0.016649462 0.993703306 42.856117249 0.023779262 0.999617755 -0.014097130 -2.338929653 -0.993558109 0.022067567 -0.111153342 88.282310486
-0.112640984 0.015795104 0.993510127 43.548294067 0.023667175 0.999632597 -0.013209133 -2.360580206 -0.993353784 0.022025686 -0.112973422 88.204780579
-0.113250166 0.016538169 0.993428826 44.210464478 0.025038807 0.999591529 -0.013786354 -2.375858068 -0.993250847 0.023312964 -0.113617979 88.128791809
-0.112283289 0.017386502 0.993524075 44.866210938 0.025572829 0.999566317 -0.014602121 -2.401039839 -0.993347049 0.023767652 -0.112679221 88.051872253
-0.109507881 0.019138550 0.993801713 45.498493195 0.026777450 0.999508679 -0.016297821 -2.420774937 -0.993625164 0.024826737 -0.109966546 87.989730835
-0.104223303 0.019405911 0.994364560 46.111785889 0.026707849 0.999503672 -0.016706850 -2.444868565 -0.994195282 0.024816096 -0.104689859 87.927162170
-0.096292317 0.020287802 0.995146334 46.718177795 0.026315091 0.999494672 -0.017830152 -2.461070299 -0.995005131 0.024470462 -0.096777529 87.872016907
-0.084869675 0.020134624 0.996188581 47.300518036 0.025281414 0.999517441 -0.018048074 -2.482224464 -0.996071279 0.023653317 -0.085337758 87.829208374
-0.071652949 0.020424038 0.997220457 47.849937439 0.024338903 0.999528408 -0.018722493 -2.506970167 -0.997132599 0.022929730 -0.072116248 87.804496765
-0.054564182 0.021499457 0.998278797 48.394355774 0.022940986 0.999531209 -0.020272518 -2.530895233 -0.998246670 0.021795344 -0.055031814 87.789215088
-0.033265300 0.023856927 0.999161780 48.925125122 0.021093128 0.999509156 -0.023162965 -2.554774284 -0.999223948 0.020304924 -0.033752184 87.787971497
-0.008463608 0.026877582 0.999602914 49.450855255 0.019131558 0.999460042 -0.026711756 -2.577840567 -0.999781132 0.018897885 -0.008973252 87.799423218
0.019577976 0.028555423 0.999400496 49.969169617 0.017470211 0.999429643 -0.028898494 -2.598103523 -0.999655664 0.018025506 0.019067932 87.834373474
0.052479733 0.028036676 0.998228312 50.470207214 0.014483570 0.999479353 -0.028833255 -2.619845390 -0.998516977 0.015971070 0.052046344 87.886291504
0.091453925 0.025099365 0.995492935 50.969867706 0.013383778 0.999561012 -0.026431467 -2.652820110 -0.995719254 0.015740721 0.091077864 87.932922363
0.133762076 0.021590985 0.990778208 51.462390900 0.011629232 0.999659598 -0.023354553 -2.669151306 -0.990945160 0.014645943 0.133465469 88.021110535
0.178855389 0.017077126 0.983727157 51.962646484 0.008718967 0.999782562 -0.018941069 -2.692997456 -0.983836651 0.011964797 0.178667635 88.141563416
0.227537572 0.014035652 0.973668098 52.448837280 0.004656672 0.999869049 -0.015501566 -2.705310822 -0.973758042 0.008061242 0.227442384 88.283004761
0.279267192 0.012342423 0.960134149 52.910377502 0.000696314 0.999914527 -0.013056327 -2.724062681 -0.960213184 0.004314758 0.279234707 88.448913574
0.333799243 0.012594139 0.942560017 53.367576599 0.000510722 0.999908149 -0.013541272 -2.732410192 -0.942644060 0.005001452 0.333762139 88.639869690
0.392372131 0.013115221 0.919713020 53.807025909 0.002748174 0.999877274 -0.015430808 -2.745047092 -0.919802487 0.008582149 0.392287910 88.852584839
0.451942623 0.017044231 0.891884029 54.221557617 0.003506763 0.999775767 -0.020883055 -2.754397869 -0.892040133 0.012565570 0.451781541 89.102699280
0.509148717 0.020659300 0.860430539 54.587211609 0.004720083 0.999629796 -0.026794577 -2.768065691 -0.860665619 0.017703729 0.508862615 89.386947632
0.567457259 0.024965085 0.823024333 54.954883575 0.000745762 0.999524295 -0.030833101 -2.779820442 -0.823402524 0.018110245 0.567168653 89.687927246
0.624184132 0.028036786 0.780774176 55.305175781 -0.003004569 0.999434650 -0.033486679 -2.791551590 -0.781271517 0.018555962 0.623915553 90.003402710
0.675510645 0.029072158 0.736776888 55.617427826 -0.005044289 0.999381244 -0.034809306 -2.809233189 -0.737333000 0.019797541 0.675239325 90.367370605
0.724446058 0.027085235 0.688799262 55.875434875 -0.004793586 0.999401569 -0.034257203 -2.818540573 -0.689314961 0.021515671 0.724142253 90.690658569
0.769810140 0.025108565 0.637778819 56.137596130 -0.007700843 0.999518573 -0.030054761 -2.824368238 -0.638226569 0.018225024 0.769632816 91.072532654
0.811268389 0.019892534 0.584335625 56.380680084 -0.007947491 0.999703825 -0.022998948 -2.835527897 -0.584620118 0.014014313 0.811186135 91.478706360
0.847371042 0.018992458 0.530661583 56.596187592 -0.011745844 0.999786019 -0.017026503 -2.841029167 -0.530871511 0.008194691 0.847412765 91.912139893
0.878814638 0.012680614 0.476994783 56.796031952 -0.009860993 0.999916017 -0.008414266 -2.866226435 -0.477061391 0.002690939 0.878865838 92.339103699
0.904618502 0.013587875 0.426005512 56.960353851 -0.013596790 0.999903023 -0.003020266 -2.876410484 -0.426005125 -0.003060118 0.904715598 92.780059814
0.924744368 0.015066120 0.380290359 57.094806671 -0.016756823 0.999858975 0.001135403 -2.893276453 -0.380219609 -0.007422416 0.924866438 93.218368530
0.939818919 0.021186225 0.341015458 57.200775146 -0.023882613 0.999707937 0.003710376 -2.901447058 -0.340837181 -0.011631420 0.940050423 93.656661987
0.951760173 0.025142357 0.305811167 57.311531067 -0.027439330 0.999618292 0.003214070 -2.905761242 -0.305613577 -0.011450277 0.952086806 94.109130859
0.961079061 0.027313733 0.274919868 57.426139832 -0.029310830 0.999565363 0.003157881 -2.901653767 -0.274714112 -0.011093100 0.961461961 94.578056335
0.967107713 0.021877633 0.253424108 57.534446716 -0.023392908 0.999721944 0.002967037 -2.904892921 -0.253288776 -0.008797773 0.967350662 95.037620544
0.971101224 0.018678814 0.237936124 57.640838623 -0.020178569 0.999789000 0.003868953 -2.913526535 -0.237813652 -0.008558359 0.971273065 95.519958496
0.974020362 0.023332357 0.225255638 57.736167908 -0.024689689 0.999689996 0.003210279 -2.912339687 -0.225110918 -0.008688369 0.974294364 96.015777588
0.976078033 0.028331190 0.215566516 57.830314636 -0.029865675 0.999546468 0.003863750 -2.912742376 -0.215359271 -0.010209362 0.976481438 96.518806458
0.977222204 0.035713214 0.209192038 57.924190521 -0.037070312 0.999309361 0.002568857 -2.912194967 -0.208955854 -0.010265160 0.977871060 97.029335022
0.977462590 0.042545900 0.206777245 58.012332916 -0.043390099 0.999058187 -0.000452818 -2.927884817 -0.206601754 -0.008529473 0.978387952 97.547302246
0.977558851 0.044698615 0.205865949 58.124427795 -0.045107584 0.998978496 -0.002708760 -2.940593481 -0.205776751 -0.006638144 0.978576362 98.065467834
0.977197051 0.042087797 0.208121464 58.248023987 -0.041616488 0.999111533 -0.006644676 -2.943068743 -0.208216220 -0.002168126 0.978080332 98.586982727
0.976435840 0.040976688 0.211881936 58.372024536 -0.039003380 0.999148071 -0.013486166 -2.944680929 -0.212253973 0.004904262 0.977202177 99.134849548
0.975519240 0.040778797 0.216099933 58.493476868 -0.037728056 0.999121785 -0.018225512 -2.948586464 -0.216653332 0.009626307 0.976201057 99.697807312
0.974322319 0.045896214 0.220430553 58.616073608 -0.043115437 0.998918414 -0.017412469 -2.966099262 -0.220991299 0.007461395 0.975247204 100.275978088
0.972864270 0.049009409 0.226126686 58.744392395 -0.047127564 0.998794854 -0.013716272 -2.972948551 -0.226526365 0.002687272 0.974001229 100.862609863
0.971858025 0.045771003 0.231077969 58.889816284 -0.044965450 0.998950064 -0.008754265 -2.989824295 -0.231236041 -0.001882623 0.972895980 101.470352173
0.971169889 0.041583877 0.234733626 59.044059753 -0.041963205 0.999113381 -0.003380903 -2.998306990 -0.234666124 -0.006566746 0.972053885 102.083686829
0.970336854 0.039003432 0.238589674 59.199001312 -0.040485099 0.999179304 0.001310885 -3.006295919 -0.238342732 -0.010931327 0.971119583 102.710533142
0.969862342 0.033732157 0.241307631 59.363334656 -0.035344299 0.999372423 0.002354300 -3.018135309 -0.241076753 -0.010812195 0.970445812 103.340721130
0.969806850 0.030455861 0.241965145 59.517585754 -0.031103760 0.999515474 -0.001142620 -3.021739960 -0.241882712 -0.006417902 0.970284283 103.984237671
0.969983399 0.030205410 0.241287842 59.694000244 -0.029098190 0.999543309 -0.008151494 -3.029400587 -0.241423875 0.000885774 0.970419228 104.631271362
0.970137298 0.032522548 0.240366191 59.852432251 -0.029816676 0.999444544 -0.014886505 -3.037567377 -0.240716815 0.007275032 0.970568001 105.290191650
0.970665097 0.035631061 0.237780988 60.008789062 -0.032072350 0.999308348 -0.018819470 -3.042621136 -0.238287047 0.010641206 0.971136391 105.971199036
0.971311629 0.033852592 0.235388428 60.172946930 -0.031322058 0.999404430 -0.014482257 -3.050536156 -0.235738516 0.006693936 0.971793413 106.657546997
0.971766710 0.029701184 0.234067306 60.344039917 -0.028990733 0.999558747 -0.006476158 -3.070030451 -0.234156400 -0.000492468 0.972198784 107.346702576
0.972357333 0.030261124 0.231528446 60.511634827 -0.030939976 0.999521017 -0.000699342 -3.081584215 -0.231438696 -0.006483474 0.972827911 108.068786621
0.972637236 0.033397462 0.229915962 60.667560577 -0.034071315 0.999418914 -0.001039638 -3.098571539 -0.229817048 -0.006822347 0.973209918 108.790420532
0.972961783 0.039214794 0.227612957 60.830276489 -0.038879711 0.999226093 -0.005957386 -3.100663662 -0.227670401 -0.003053216 0.973733485 109.515419006
0.973846316 0.040214576 0.223620489 60.995178223 -0.038688034 0.999188483 -0.011205315 -3.110744476 -0.223889619 0.002260818 0.974611938 110.252960205
0.974759579 0.038701274 0.219877228 61.161613464 -0.036466498 0.999233782 -0.014214991 -3.120935917 -0.220258877 0.005838046 0.975423992 111.010864258
0.975656271 0.036795545 0.216196820 61.327213287 -0.034871873 0.999311030 -0.012707105 -3.133838654 -0.216515437 0.004858579 0.976267099 111.781921387
0.976559460 0.033008926 0.212701932 61.495323181 -0.031465441 0.999448240 -0.010638529 -3.148876667 -0.212935746 0.003696397 0.977059245 112.557319641
0.976961315 0.031801723 0.211033717 61.662868500 -0.030861679 0.999493599 -0.007747372 -3.165455580 -0.211173251 0.001056028 0.977448046 113.344573975
0.977326691 0.028350243 0.209830135 61.833683014 -0.027798437 0.999597967 -0.005579214 -3.173241615 -0.209903955 -0.000380234 0.977721930 114.146217346
0.977510214 0.023373775 0.209588185 62.005691528 -0.023010379 0.999726474 -0.004172447 -3.185587883 -0.209628388 -0.000744094 0.977780879 114.940307617
0.977671206 0.024114609 0.208752066 62.181022644 -0.024087451 0.999706388 -0.002672613 -3.196516275 -0.208755180 -0.002415368 0.977964938 115.752403259
0.977448165 0.029446173 0.209112674 62.345886230 -0.029108487 0.999565244 -0.004692848 -3.205217838 -0.209159955 -0.001499939 0.977880239 116.571678162
0.977116227 0.035557549 0.209712863 62.505931854 -0.034602311 0.999367356 -0.008223496 -3.211278915 -0.209872574 0.000778763 0.977728426 117.377761841
0.976626277 0.043552216 0.210485592 62.671028137 -0.042480264 0.999051034 -0.009613666 -3.226105213 -0.210704550 0.000447474 0.977549613 118.204612732
0.975679338 0.049822763 0.213465586 62.837703705 -0.049027238 0.998756826 -0.009022282 -3.243682623 -0.213649705 -0.001662777 0.976908863 119.030342102
0.974853456 0.052769780 0.216509163 63.008544922 -0.052481264 0.998596787 -0.007086071 -3.259057999 -0.216579244 -0.004454794 0.976254880 119.865844727
0.974257648 0.053522717 0.218991712 63.189773560 -0.053115536 0.998558342 -0.007750731 -3.278331280 -0.219090790 -0.004080653 0.975695968 120.688217163
0.973985553 0.051398691 0.220704153 63.377220154 -0.050276946 0.998678088 -0.010700863 -3.291193008 -0.220962390 -0.000673844 0.975282133 121.514328003
0.973954797 0.045388419 0.222152740 63.573547363 -0.044436719 0.998969078 -0.009283099 -3.308296204 -0.222345054 -0.000830420 0.974967659 122.360595703
0.974096060 0.038912017 0.222761169 63.762981415 -0.037443962 0.999240279 -0.010811692 -3.327175617 -0.223012626 0.002190566 0.974813044 123.198158264
0.973938406 0.038192581 0.223573893 63.958663940 -0.036705602 0.999267817 -0.010804577 -3.347402334 -0.223822817 0.002316578 0.974627078 124.016784668
0.973412156 0.040609483 0.225432038 64.147666931 -0.039874416 0.999174058 -0.007814767 -3.363839626 -0.225563198 -0.001381982 0.974227548 124.856483459
0.972972035 0.042707957 0.226940110 64.332374573 -0.043326192 0.999058366 -0.002258638 -3.378121853 -0.226822868 -0.007634860 0.973906100 125.687644958
0.972562313 0.046362124 0.227976665 64.512145996 -0.048045386 0.998843312 0.001836241 -3.393764734 -0.227627859 -0.012739083 0.973664880 126.515525818
0.972362638 0.045530133 0.228993580 64.698837280 -0.045773003 0.998942792 -0.004253561 -3.413875818 -0.228945121 -0.006345721 0.973418653 127.334854126
0.972609520 0.041336339 0.228740424 64.893562317 -0.037989285 0.999096990 -0.019018454 -3.429135799 -0.229320049 0.009807847 0.973301649 128.144134521
